12:00:01 AM kbmemfree kbmemused  %memused kbbuffers  kbcached  kbcommit   %commit  kbactive   kbinact   kbdirty
12:10:01 AM    185128   3860328     95.42     15652   3501072   1540524     29.05   2332408   1294596         4
12:20:01 AM    184368   3861088     95.44     16596   3501080   1540524     29.05   2332352   1295544        32
12:30:02 AM    182528   3862928     95.49     17556   3501080   1540524     29.05   2332436   1296492        28
12:40:01 AM    181688   3863768     95.51     18492   3501060   1540524     29.05   2332428   1297436        36
12:50:01 AM    181080   3864376     95.52     19444   3501092   1540524     29.05   2332436   1298412         4
01:00:01 AM    180416   3865040     95.54     20396   3501112   1540524     29.05   2333560   1298252        28
01:10:01 AM    179284   3866172     95.57     21340   3501116   1540524     29.05   2333600   1299152        28
01:20:01 AM    178812   3866644     95.58     22284   3501120   1540524     29.05   2333676   1300096        28
01:30:01 AM    177316   3868140     95.62     23228   3501140   1540524     29.05   2333652   1301052        28
01:40:01 AM    176580   3868876     95.64     24180   3501144   1540524     29.05   2333612   1302000        12
01:50:02 AM    175664   3869792     95.66     25132   3501152   1540524     29.05   2333620   1302948        28
02:00:01 AM    174572   3870884     95.68     26076   3501160   1540524     29.05   2333568   1303896        28
02:10:01 AM    173792   3871664     95.70     27020   3501148   1540524     29.05   2333624   1304796        20
02:20:01 AM    172108   3873348     95.75     27972   3501184   1540524     29.05   2333760   1305700        28
02:30:01 AM    171176   3874280     95.77     28916   3501192   1540524     29.05   2333924   1306520        36
02:40:01 AM    170136   3875320     95.79     29864   3501196   1540524     29.05   2334124   1307344         0
02:50:01 AM    169432   3876024     95.81     30776   3501204   1540524     29.05   2334172   1308112        36
03:00:01 AM    168868   3876588     95.83     31572   3501212   1540524     29.05   2334312   1308776        36
03:10:01 AM    167836   3877620     95.85     32364   3501264   1541032     29.06   2334628   1309424        36
03:20:01 AM    167040   3878416     95.87     33148   3501272   1541032     29.06   2334872   1310040        36
03:30:01 AM    166364   3879092     95.89     33952   3501276   1541032     29.06   2335044   1310704        36
03:40:02 AM    164868   3880588     95.92     34796   3501288   1541032     29.06   2335196   1311448        28
03:50:01 AM    159352   3886104     96.06     35596   3504504   1541064     29.06   2336696   1313968        24
04:00:01 AM    158172   3887284     96.09     36380   3504464   1541064     29.06   2336824   1314576         0
04:10:01 AM    157712   3887744     96.10     37172   3504492   1540524     29.05   2336800   1315236         4
04:20:01 AM    153576   3891880     96.20     37916   3504508   1545312     29.14   2339740   1315784        36
04:30:01 AM    156460   3888996     96.13     38676   3504508   1540524     29.05   2337140   1316348        24
04:40:01 AM    155268   3890188     96.16     39452   3504516   1540524     29.05   2337320   1316948        24
04:50:01 AM    155304   3890152     96.16     40204   3504528   1540524     29.05   2337472   1317500        24
05:00:01 AM    153972   3891484     96.19     40952   3504496   1540524     29.05   2337736   1318044        24
05:10:01 AM    153056   3892400     96.22     41680   3504544   1540524     29.05   2337952   1318596        36
05:20:02 AM    152896   3892560     96.22     42432   3504552   1540524     29.05   2338148   1319156        36
05:30:01 AM    732928   3312528     81.88     42152   2927452   1540524     29.05   1826252   1253708        28
05:40:01 AM    732236   3313220     81.90     42896   2927464   1540524     29.05   1826428   1254252        24
05:50:01 AM    731480   3313976     81.92     43656   2927476   1540524     29.05   1826616   1254832        32
06:00:01 AM    730320   3315136     81.95     44368   2927480   1540524     29.05   1826820   1255316         4
06:10:01 AM    729420   3316036     81.97     45088   2927508   1540524     29.05   1827032   1255848        28
06:20:01 AM    729308   3316148     81.97     45836   2927512   1540524     29.05   1827336   1256408        28
06:30:01 AM    727952   3317504     82.01     46544   2927524   1540524     29.05   1827524   1256880        28
06:40:01 AM    727448   3318008     82.02     47248   2927532   1540524     29.05   1827772   1257348        24
06:50:02 AM    716704   3328752     82.28     48028   2929060   1551648     29.26   1835556   1259284        36
07:00:01 AM    714804   3330652     82.33     48736   2929044   1553604     29.30   1836676   1259756        28
07:10:01 AM    713448   3332008     82.36     49440   2929088   1555560     29.33   1837928   1260252        28
07:20:01 AM    712400   3333056     82.39     50144   2929096   1555560     29.33   1838180   1260708        28
07:30:01 AM    710400   3335056     82.44     50816   2929104   1557516     29.37   1839508   1261100        28
07:40:01 AM    709700   3335756     82.46     51488   2929148   1557516     29.37   1839744   1261500        48
07:50:01 AM    708856   3336600     82.48     52176   2929116   1557516     29.37   1840204   1261924        28
08:00:02 AM    708336   3337120     82.49     52892   2929120   1557516     29.37   1840428   1262420        28

08:00:02 AM kbmemfree kbmemused  %memused kbbuffers  kbcached  kbcommit   %commit  kbactive   kbinact   kbdirty
08:10:01 AM    707352   3338104     82.51     53592   2929104   1557516     29.37   1840600   1262868        28
08:20:01 AM    698488   3346968     82.73     54284   2929144   1567228     29.55   1847876   1263360        28
08:30:01 AM    697868   3347588     82.75     54988   2929156   1567228     29.55   1848128   1263840        24
08:40:01 AM    697192   3348264     82.77     55644   2929168   1567228     29.55   1848280   1264256        24
08:50:01 AM    697504   3347952     82.76     56304   2929164   1566884     29.55   1848172   1264660        28
09:00:01 AM    678568   3366888     83.23     57024   2931092   1588916     29.96   1862732   1265840        36
09:10:01 AM    521776   3523680     87.10     57740   3083256   1591656     30.01   2126080   1157744        28
09:20:01 AM    525892   3519564     87.00     58420   3083276   1583844     29.87   2125396   1154456        24
09:30:01 AM    533464   3511992     86.81     59044   3083280   1572044     29.64   2123888   1150128        24
09:40:01 AM    536748   3508708     86.73     59540   3087584   1557476     29.37   2117312   1155020        24
09:50:01 AM   3515144    530312     13.11     13528    274772   1485764     28.02     72360    290572        48
10:00:01 AM   3446724    598732     14.80     14432    311932   1516476     28.60    118592    308324      1208
10:10:01 AM   3426368    619088     15.30     15248    342148   1499572     28.28    127928    320452        48
10:20:01 AM   3350500    694956     17.18     15984    344868   1613232     30.42    215952    295168       596
10:30:01 AM   2897788   1147668     28.37     17180    811288   1571660     29.64    670856    285688        40
10:40:01 AM   2896996   1148460     28.39     18060    811320   1571660     29.64    691496    265960        44
10:50:01 AM   2862584   1182872     29.24     19012    848780   1569512     29.60    747512    246428        56
11:00:01 AM   2748096   1297360     32.07     20084    942532   1586328     29.91    808616    288072      2564
11:10:01 AM   2207640   1837816     45.43     21248   1464308   1604584     30.26    978568    650720      1668
11:20:01 AM   1393384   2652072     65.56     22408   2266860   1615256     30.46   1362552   1073584      1632
11:30:01 AM   1219336   2826120     69.86     23588   2435752   1606880     30.30   1493112   1112008       664
11:40:01 AM   1050448   2995008     74.03     24760   2607124   1595260     30.08   1700964   1069240       572
11:50:02 AM    852500   3192956     78.93     25904   2791020   1614108     30.44   1952776   1012052      2348
12:00:01 PM    650404   3395052     83.92     27084   2984116   1610604     30.37   2219848    938464       312
12:10:02 PM    453480   3591976     88.79     28224   3176516   1607956     30.32   2356804    993792      3316
12:20:01 PM    258744   3786712     93.60     29388   3368296   1611236     30.38   2657712    886816      1008
12:30:01 PM    154552   3890904     96.18     19204   3478016   1603184     30.23   2564856   1075932      2552
12:40:02 PM    119052   3926404     97.06      1860   3535104   1605104     30.27   2149972   1528560       704
12:50:01 PM    125704   3919752     96.89      2556   3531356   1607332     30.31   2203256   1471700       856
Average:       738505   3306951     81.74     34273   2924204   1557026     29.36   1931468   1146573       283